24096
48435
41837
47006
5542
40302
39356
48534
7484
32844
48422
40913
55600
48771
46865
20292
34346
22832
15381
64322
31513
21167
16171
64922
4557
27376
49829
1716
18645
18793
22331
47562
21342
60353
56159
12508
36793
30649
20876
36719
20621
62722
6598
49437
43204
41206
42293
16277
62432
28320
61684
43290
11626
18812
747
38694
44852
3370
1932
29407
37122
4087
64793
36008
27056
5728
30649
62362
29614
35335
38065
2919
16776
42011
47443
43311
1243
43363
65370
13432
32622
27091
60273
28461
46254
32434
9949
51237
22150
38175
53734
34263
17660
51149
46355
23738
45362
15862
8845
48206
930
5910
64163
447
22564
65434
44364
60700
39264
35354
41545
61714
13937
48987
33078
58023
24963
62909
60816
63870
23203
23205
28742
10044
45069
9849
11040
24742
39423
61980
14977
15052
50456
21411
12820
5245
26746
52120
14472
9873
28079
11422
61696
9875
36125
20818
38117
27922
31575
63346
35462
46576
55244
34980
670
58211
19709
4163
3257
40524
58021
30476
26327
5768
40210
47490
35742
32211
13951
20594
6793
32335
43508
38125
19088
58580
57147
62928
16546
58650
38659
19876
43868
52471
39387
16321
11278
6748
38383
62455
52551
51173
19363
52376
63605
15315
296
19371
8556
44924
24257
36357
18365
40882
4482
54746
48404
1015
63007
7772
36250
45130
17002
44982
56822
36520
42875
64021
29097
55281
51516
30656
59278
21032
36835
5655
38898
61990
48552
19276
7142
19234
9242
61396
36561
38194
45613
38491
30096
1807
5028
8282
47249
60883
34059
57385
21416
41111
62056
45023
50756
54439
9035
63222
7184
17259
8753
58202
49312
15193
53422
56799
37719
62397
41587
578
43763
3555
18596
42971
27875
63421
551
40581
33640
10829
46497
64305
33120
60346
44196
15667
49978
8130
3434
20718
11392
15298
12215
55965
34964
64497
55866
9272
36505
30709
58997
43204
17184
35833
55757
11664
53676
47828
43390
37719
5033
7284
9403
30280
7376
9030
49840
34990
3646
62023
49581
35022
37925
13864
26487
17274
13744
27735
41295
17049
40642
54664
27210
21773
22126
64587
285
54471
44854
24058
43255
31877
56851
60145
7254
20668
63128
25750
64203
60202
27677
11005
58304
46689
48456
33431
1734
62169
8112
21281
11787
55749
38856
38311
30548
48966
38231
14031
29683
40507
20833
56908
30283
10089
7968
31512
46199
62790
12659
28684
14634
22635
140
62319
36554
51174
13212
31029
43716
6117
24368
34899
63681
28940
58929
603
60646
40766
10239
59430
14831
47203
58767
59389
33182
40568
24722
18604
64709
19609
22105
64241
26926
51414
15091
3566
22592
38114
21418
26222
26326
27131
51642
16797
44561
20839
439
46309
60418
59033
24962
25621
6739
60104
55433
3835
56951
47030
35835
18077
64291
33011
50612
39511
35747
25629
61491
19605
51138
49653
63288
12313
40995
14238
47820
42915
2056
20865
31992
64803
59405
64520
57403
57610
48725
4692
29037
142
61881
50209
2633
18639
65354
62130
1407
50941
27131
60666
8565
45385
50165
62888
40629
13209
11785
54887
10725
13369
15412
4814
12828
41454
40078
30583
39696
40096
2174
11941
10647
11775
42142
57385
28751
30427
52068
56804
27769
31282
28288
60888
61423
46778
29788
56899
38820
56577
16283
62458
36237
22954
32446
12187
3201
31361
26600
57150
23485
26912
8451
32864
16777
28723
40112
25890
14413
18381
4516
12505
43593
58292
8600
9866
15795
16999
6196
34972
40964
30516
34332
18421
2914
62199
6794
55840
61283
24789
35599
58967
9754
9215
46877
14465
4826
9297
63687
64434
2175
34539
50913
5047
44204
47248
52216
47867
31605
49056
21066
34793
34490
46343
9331
9956
29982
64795
40523
27796
14728
64776
52807
43916
3178
38247
63334
14510
40729
16743
4860
53062
1697
57716
51760
41225
24987
39693
48609
41699
9047
58248
27098
28309
18685
29540
58284
30257
37539
6474
40607
27196
26089
59837
2781
31148
61600
14515
46898
25737
56253
59140
51112
25220
47230
32100
24961
20308
54904
7043
47961
55924
24752
39444
101
6158
11453
13421
11373
33049
14598
22581
36137
29055
18780
45437
6623
35004
45741
28150
21735
1027
15117
58595
49503
33979
61815
6451
2865
35750
13369
53828
3429
54288
25821
39954
48270
17308
22544
54171
17778
11932
44695
52815
9388
40695
27967
9500
42969
16423
19400
38008
52568
46764
61959
48005
18916
59478
19726
13466
9389
1322
6286
4734
47173
43771
59651
11814
27122
44
26010
62179
22280
6253
56302
28935
59939
57734
1823
35607
28043
31219
22201
36410
34339
30726
31568
38361
8235
55889
46705
49748
58887
10681
52239
46617
22187
38664
23774
35024
3586
26921
30202
41172
45957
746
51696
48404
17117
48995
3432
10235
19879
18162
34081
11387
19716
13528
55064
48090
54091
39589
32002
58080
12944
21359
54625
33434
6645
8532
17032
26989
29150
13386
15917
47038
58563
13831
60637
42414
40854
3118
59656
40896
55176
46068
33222
1334
3125
29055
2056
65077
8830
54719
30177
10307
48757
10039
26984
42762
28523
39406
14149
19510
41262
36965
37634
30162
65177
14148
48218
19669
15505
4101
17438
45108
44784
4086
49119
12708
46021
33086
19756
39654
57880
48880
43640
58057
2390
42083
14439
53968
51830
20113
10574
53062
56830
54594
61818
52802
46679
25761
6265
1172
63153
40850
30112
50260
22717
13148
46935
30146
55280
52883
39129
6878
58756
19423
5126
63176
44512
25914
6196
26010
5080
593
15001
48796
35222
33898
33851
62309
48958
61577
64453
6461
46485
42270
2569
57525
60581
18456
3615
20687
33920
46219
50332
43172
28216
4348
58403
47970
34410
37006
2905
14395
15850
9808
53408
18711
33363
6909
9715
39386
60412
48843
64073
58546
60081
39589
59650
26849
11251
37606
11891
30415
50463
26892
543
24565
40886
16112
55888
25160
9869
64584
9542
32398
32212
21357
20788
56960
30341
13441
57540
29863
38179
41608
3486
43682
42344
29926
38921
15805
32058
48504
51749
13070
25270
30767
2329
5738
30850
16657
9855
26746
10684
256
52085
16984
43465
34041
3132
13960
44101
32437
27313
27230
50342
32040
11761
48591
48168
32628
6686
46312
19736
8617
51945
13217
21959
20623
33330
7445
53275
31955
22686
36874
55010
32396
54166
63276
15420
37993
53898
201
48721
65124
7941
828
42579
48713
14353
28236
35453
43468
60526
59677
